#noise i0 i1 i2 i3 i4 i5 i6 i7 i8 i9 i10 i11 i12 i13
0 75.8135 75.3103 82.3885 82.0865 82.2207 82.2207 72.3583 79.4364 79.9732 81.1808 82.9587 82.5897 82.8581 82.1872
1 75.3774 75.0419 81.5498 81.3485 81.3485 81.3821 71.6538 78.9668 79.3358 80.208 82.2878 81.9188 82.1201 81.2479
2 74.7736 74.7736 81.1808 80.7447 80.8118 80.8454 71.3854 78.1281 78.5642 79.101 81.6505 81.315 81.5163 80.7447
3 74.1697 73.6666 80.5099 80.2415 80.3422 80.3422 70.9493 77.7256 78.4301 79.2352 81.315 80.9795 81.0466 80.0067
4 74.0356 73.5995 79.8054 79.3022 79.47 79.47 70.312 77.256 77.4237 78.0946 80.4093 80.208 80.5099 79.3358
5 73.5659 73.5659 79.8054 79.6042 79.5371 79.5371 69.7752 77.2224 77.994 79.7383 80.3422 80.2751 80.3757 79.47
6 72.1905 71.8215 78.1617 77.8933 77.8262 77.9604 68.836 75.6793 75.6458 76.3838 78.4636 78.5642 78.6984 77.5243
7 72.4589 72.4589 78.5307 78.363 78.3965 78.4301 69.3391 75.9477 77.3901 78.9332 79.2687 79.4029 79.5706 78.5978
8 72.4589 72.4589 78.1281 77.8262 77.7927 77.8933 68.6347 75.6122 76.3502 76.8534 77.994 78.3965 78.5642 77.7591
9 70.7145 70.4797 76.0483 75.6458 75.6793 75.8135 68.9701 73.3982 73.7336 74.4717 76.1489 76.1154 76.2496 75.5451
10 70.6474 70.5803 74.9077 74.7065 74.7065 74.7065 67.8631 73.4988 74.9748 76.0148 76.0483 76.6857 77.0882 74.7736
11 70.4126 70.4126 75.7799 75.7799 75.7799 75.8135 66.5884 73.8007 74.3039 76.0148 76.3838 76.2831 76.0819 75.7128
12 69.4733 69.4733 74.0691 73.8007 73.8343 73.9014 67.3935 72.3918 72.4925 73.2305 73.7672 74.2704 74.8407 73.7336
13 69.5404 69.5404 74.4717 73.9685 73.9014 74.0691 66.8903 72.6266 73.3311 74.8407 74.9077 75.0755 75.3103 74.2368
14 68.467 68.467 73.4653 73.4988 73.4317 73.3982 65.5149 71.1842 73.4653 74.1362 74.2704 74.5052 74.6058 73.3982
15 67.729 67.5277 72.6937 72.6266 72.6602 72.6937 65.4814 70.6474 70.9493 73.1634 73.2305 73.3646 73.3982 72.5931
16 67.6283 67.6283 72.4254 72.4589 72.5931 72.4925 64.7098 70.8152 71.3183 72.7944 72.8279 72.895 73.264 72.2912
17 67.2258 66.6555 71.6874 71.3183 71.2848 71.4525 65.3472 69.3391 72.3247 72.4589 72.7608 72.9956 72.6266 71.4525
18 66.0852 66.0852 70.3455 70.3455 70.2449 70.1107 64.3744 68.9366 70.2784 71.4861 71.6538 71.6538 71.6538 70.3791
19 65.5485 65.1459 69.8423 69.4733 69.7752 69.7417 62.6971 67.5948 68.9031 69.7752 70.0772 70.2449 70.2449 69.943
20 65.3472 65.3472 69.1379 69.3391 69.1379 69.2721 63.3009 66.9239 69.574 69.2721 68.8695 69.2385 69.5404 68.9366
21 66.1523 65.9846 68.5676 68.3663 68.3328 68.2321 62.8984 68.3328 69.8088 69.8759 69.7752 69.4062 69.574 68.7018
22 64.3744 63.9718 67.2929 67.2929 67.1587 67.0916 62.0933 66.6555 67.4606 67.8296 68.3328 68.3328 67.9302 67.3264
23 64.6427 64.2737 67.058 67.2593 67.1587 67.1587 62.261 66.7561 66.8232 67.6954 68.0309 68.2321 68.098 67.5277
24 63.9047 63.6364 66.4207 66.1858 66.2529 66.1858 61.4894 65.9175 66.0517 66.1188 66.4542 66.6219 66.6555 65.8839
25 62.63 62.63 65.0788 65.213 65.1459 65.1124 60.416 64.5086 64.6427 64.844 65.582 66.1858 66.0517 65.3137
26 63.2338 63.2338 65.2801 65.213 65.1795 65.1795 59.678 64.3408 64.7434 65.4478 66.0852 65.6491 65.5485 65.3137
27 61.8584 61.3217 65.582 65.2801 65.2466 65.2801 59.678 63.8712 64.5421 65.0453 65.3807 65.6156 65.7833 65.8839
28 61.4559 61.2546 64.106 63.8712 63.9047 63.8376 60.1476 61.0533 63.2003 63.8376 64.5086 64.7098 64.5756 63.9383
29 60.7179 61.2882 63.1332 63.2003 63.0661 63.1332 60.416 61.9255 63.4351 63.7705 64.3073 64.0389 63.737 62.9654
30 59.376 58.0342 63.3345 62.5629 62.6971 62.6971 59.0741 60.5837 62.4958 63.2003 63.2338 63.6699 63.4351 62.9319
31 58.9064 59.2754 61.3552 61.0533 61.2211 61.2211 58.2019 60.4831 60.8185 61.3552 62.0933 62.1603 62.1603 61.3552
32 58.8729 59.1077 60.5837 60.4495 60.5502 60.5166 57.5981 59.5102 61.0533 61.2882 61.3217 60.8856 60.9862 60.6172
33 59.007 58.5039 60.3824 60.3153 60.2482 60.2147 57.9 59.8457 60.5837 60.8185 61.2882 61.4559 61.6236 60.2818
34 57.9336 57.9336 59.7786 59.6109 59.5438 59.7115 56.7259 59.309 58.9735 59.007 59.7451 59.5773 60.3153 60.047
35 55.5854 57.4639 58.4703 58.0678 58.0678 58.0342 57.4304 57.4639 57.3298 58.3026 58.0678 57.7659 58.3697 58.3026
36 56.9943 56.055 58.5039 58.3697 58.2355 58.4032 56.9943 57.7994 57.9336 57.8329 58.1013 58.4032 58.7051 58.4032
37 56.8266 57.5981 58.8729 58.8729 58.9064 58.8729 57.3298 57.7994 58.1013 58.4703 59.0406 59.309 59.2083 58.6716
38 55.9544 54.5455 59.5102 59.1412 59.0741 58.5374 55.5854 57.0614 57.0278 59.007 59.5102 59.4096 59.5773 59.4096
39 54.948 54.3106 56.055 55.9879 56.1557 56.1557 54.6125 55.8202 56.0215 56.1221 56.3234 56.2898 56.055 56.3569
40 55.7531 55.4176 55.8537 55.7196 55.5854 55.7196 54.4113 54.579 55.7196 56.0886 54.9815 54.7467 55.0151 55.686
41 53.5391 53.2707 54.3106 53.7068 54.2771 53.8745 53.4384 54.2771 54.1765 54.1094 54.4113 54.7132 54.3106 54.1094
42 54.4784 54.2771 55.317 55.2835 55.317 55.4176 51.8618 55.317 55.4176 55.5854 55.2164 55.0486 54.8809 55.3841
43 55.7866 55.7866 53.1701 52.9688 52.7675 53.3043 53.1365 51.1909 51.5934 51.996 51.2244 51.1573 50.4529 53.0023
44 53.7739 54.4784 54.3442 53.9081 53.9752 53.8074 52.0966 54.0758 54.5119 54.3777 54.0087 54.21 54.4784 53.9416
45 53.1701 52.6333 52.1972 52.3314 52.1302 51.8953 52.1972 52.734 52.2643 51.8953 51.8282 51.5599 51.8282 52.2308
46 52.2308 49.9161 51.0231 50.7548 50.8219 50.7212 51.3922 51.0567 50.4864 50.8219 50.7883 51.7612 51.5263 51.2915
47 52.9017 52.4992 50.7548 50.0503 50.0839 49.5136 52.4992 49.2452 49.3794 49.8826 49.1781 49.4465 50.3187 50.0839
48 50.7883 52.0295 51.627 52.0631 51.996 51.5934 51.0231 49.2788 50.4529 50.1174 50.2516 50.5535 50.3522 51.0902
49 50.5871 49.2117 50.151 50.4193 50.3187 50.4193 49.4129 50.151 50.7548 50.7212 50.3522 50.4193 50.218 50.0839
50 50.0503 49.0439 48.9098 48.4401 49.1446 49.2452 47.8028 48.9433 48.6749 48.6078 48.6414 49.5136 48.8762 49.8155
51 50.4529 48.373 49.7149 49.6813 49.5471 49.9161 49.5471 49.9832 49.6478 49.5471 50.0168 49.3459 50.5535 49.8826
52 50.9561 50.7883 50.6877 50.4529 50.4193 50.3522 51.6941 50.6206 51.3586 51.3251 50.2516 49.9497 50.7548 50.9225
53 53.2036 53.5726 51.2915 51.2244 51.1909 50.9225 52.8346 52.9688 53.0359 52.8346 51.9289 52.0295 51.9624 51.3251
54 50.7883 52.1302 51.3586 51.1909 51.5934 51.2915 52.1302 51.5934 52.0966 52.3985 52.4321 52.1302 52.1302 51.5263
55 51.5263 50.6877 51.9624 52.2643 52.1972 52.0295 51.1573 51.627 51.5599 51.7947 51.0567 50.6877 50.9225 52.0295
56 53.2036 52.9017 53.472 55.1493 54.4113 54.3106 52.4656 53.2707 53.5391 54.0087 53.8745 53.5391 53.7404 53.3714
57 53.4049 52.4321 53.2372 53.472 53.2372 53.2372 51.8618 54.1094 53.841 53.7739 53.5726 53.9081 54.0758 53.5055
58 54.9815 54.6461 54.5455 53.9081 53.9752 54.2771 53.0694 55.7866 54.8809 54.6125 55.1157 55.1157 54.8809 54.4113
59 55.0486 55.0486 56.2563 56.5917 56.793 56.5247 53.8745 55.6189 55.4512 55.8873 56.055 55.6189 55.9879 56.5917
60 55.317 54.5455 55.317 55.3841 55.317 55.0822 55.1828 55.0822 56.0215 56.3569 56.3905 56.2227 55.5183 55.3841
61 56.1892 55.6189 55.7866 55.8537 55.6189 55.6525 55.6525 55.4847 56.055 56.6924 55.7866 55.5518 55.7196 56.1892
62 55.317 54.7803 56.4911 56.6924 57.0278 56.9608 55.5518 55.5854 56.4576 56.9272 57.3968 57.5646 57.6317 55.9544
63 55.4512 56.2898 57.6988 57.5981 57.6317 57.9671 56.424 56.2898 57.7323 57.4304 58.0678 58.1684 57.6988 57.6988
64 58.5039 58.1349 59.9463 59.8792 59.7115 60.047 56.6924 57.5646 60.0805 60.2818 59.9799 59.9463 59.007 59.8457
65 58.5039 58.94 60.0805 60.3489 60.416 60.3153 57.4639 60.0805 60.3489 60.5166 60.2482 60.4831 60.3824 59.5773
